isOriginalTitle 0: not original title; 1: original title
3345876               0
3345877               0
3345878               0
3345879               0
3345880               0
3345881               0
3345882               0
3345883               0
3345884               0
3345885               0
3345886               0
3345887               0
3345888               0
3345889               0
3345890               0
3345891               0
3345892               0
3345893               0
3345894               0
3345895               0
3345896               0
3345897               0
3345898               0
3345899               0
3345900               0
3345901               1
3345902               0
3345903               0
3345904               0
3345905               0
3345906               0
3345907               0
3345908               0
3345909               0
3345910               0
3345911               0
